[gd_scene load_steps=12 format=3 uid="uid://ovaec6nc7m42"]

[ext_resource type="PackedScene" uid="uid://wilclsh64myp" path="res://objects/player.tscn" id="1_o5qli"]
[ext_resource type="Script" uid="uid://cejjqp3bc5p8i" path="res://scripts/main.gd" id="1_tefeu"]
[ext_resource type="PackedScene" uid="uid://ka2ji00su2ft" path="res://objects/person.tscn" id="2_0wfyh"]
[ext_resource type="PackedScene" uid="uid://db8ym36hjqs6c" path="res://objects/store.tscn" id="3_sugp2"]
[ext_resource type="PackedScene" uid="uid://bn1if5g85g55r" path="res://objects/tree.tscn" id="4_jyhfs"]
[ext_resource type="PackedScene" uid="uid://c2pay3j4jqds6" path="res://objects/camera.tscn" id="5_tbgi4"]
[ext_resource type="Texture2D" uid="uid://dyj8ewbyba7rm" path="res://assets/sprites/snowflake.png" id="7_o6xl0"]

[sub_resource type="NavigationMesh" id="NavigationMesh_tefeu"]
vertices = PackedVector3Array(-24.5, 1, -24.5, -24.5, 1, 24.5, 24.5, 1, 24.5, 24.5, 1, -24.5)
polygons = [PackedInt32Array(3, 2, 0), PackedInt32Array(0, 2, 1)]

[sub_resource type="BoxMesh" id="BoxMesh_tefeu"]
size = Vector3(100, 1, 70.71)

[sub_resource type="StandardMaterial3D" id="StandardMaterial3D_o6xl0"]
transparency = 1
albedo_texture = ExtResource("7_o6xl0")
billboard_mode = 1

[sub_resource type="QuadMesh" id="QuadMesh_tipki"]
material = SubResource("StandardMaterial3D_o6xl0")

[node name="Main" type="Node3D"]
script = ExtResource("1_tefeu")

[node name="Camera" parent="." instance=ExtResource("5_tbgi4")]

[node name="Store" parent="." instance=ExtResource("3_sugp2")]
transform = Transform3D(1, 0, 0, 0, 1, 0, 0, 0, 1, -9.700038, 0.06974077, -2.2665484)

[node name="Store2" parent="." instance=ExtResource("3_sugp2")]
transform = Transform3D(1, 0, 0, 0, 1, 0, 0, 0, 1, -9.068752, 0.091507435, 6.3805304)

[node name="DirectionalLight3D" type="DirectionalLight3D" parent="."]
transform = Transform3D(1, 0, 0, 0, 0.25881907, 0.9659258, 0, -0.9659258, 0.25881907, 0, 9.349139, 0)
light_energy = 0.547
light_cull_mask = 4293918721

[node name="NavigationRegion3D" type="NavigationRegion3D" parent="."]
transform = Transform3D(1, 0, 0, 0, 1, 0, 0, 0, 1, 0, -1.6872008, 0)
navigation_mesh = SubResource("NavigationMesh_tefeu")

[node name="CSGBox3D" type="CSGBox3D" parent="NavigationRegion3D"]
use_collision = true
size = Vector3(50, 1, 50)

[node name="People" type="Node3D" parent="."]

[node name="Person" parent="People" instance=ExtResource("2_0wfyh")]
transform = Transform3D(1, 0, 0, 0, 1, 0, 0, 0, 1, 15.693066, -0.07997465, -16.78115)

[node name="Person3" parent="People" instance=ExtResource("2_0wfyh")]
transform = Transform3D(1, 0, 0, 0, 1, 0, 0, 0, 1, 3.4466906, -0.07997465, -10.702564)

[node name="Person4" parent="People" instance=ExtResource("2_0wfyh")]
transform = Transform3D(1, 0, 0, 0, 1, 0, 0, 0, 1, -13.065934, -0.07997465, 17.689459)

[node name="Person5" parent="People" instance=ExtResource("2_0wfyh")]
transform = Transform3D(1, 0, 0, 0, 1, 0, 0, 0, 1, -19.759838, -0.07997465, 3.4642553)

[node name="Person6" parent="People" instance=ExtResource("2_0wfyh")]
transform = Transform3D(1, 0, 0, 0, 1, 0, 0, 0, 1, -3.7865105, -0.07997465, 2.0355892)

[node name="Person7" parent="People" instance=ExtResource("2_0wfyh")]
transform = Transform3D(1, 0, 0, 0, 1, 0, 0, 0, 1, 7.880493, -0.07997465, 9.260113)

[node name="Person8" parent="People" instance=ExtResource("2_0wfyh")]
transform = Transform3D(1, 0, 0, 0, 1, 0, 0, 0, 1, 17.228724, -0.07997465, 5.4927273)

[node name="Person9" parent="People" instance=ExtResource("2_0wfyh")]
transform = Transform3D(1, 0, 0, 0, 1, 0, 0, 0, 1, 13.721439, -0.07997465, -3.5551338)

[node name="Person10" parent="People" instance=ExtResource("2_0wfyh")]
transform = Transform3D(1, 0, 0, 0, 1, 0, 0, 0, 1, 20.230556, -0.07997465, 20.972557)

[node name="Person11" parent="People" instance=ExtResource("2_0wfyh")]
transform = Transform3D(1, 0, 0, 0, 1, 0, 0, 0, 1, 5.4934864, -0.07997465, 20.777134)

[node name="Person14" parent="People" instance=ExtResource("2_0wfyh")]
transform = Transform3D(1, 0, 0, 0, 1, 0, 0, 0, 1, 5.4934864, -0.07997465, 20.777134)

[node name="Person12" parent="People" instance=ExtResource("2_0wfyh")]
transform = Transform3D(1, 0, 0, 0, 1, 0, 0, 0, 1, -19.455832, -0.07997465, 21.622694)

[node name="Person13" parent="People" instance=ExtResource("2_0wfyh")]
transform = Transform3D(1, 0, 0, 0, 1, 0, 0, 0, 1, -6.202977, -0.07997465, 9.749156)

[node name="Person15" parent="People" instance=ExtResource("2_0wfyh")]
transform = Transform3D(1, 0, 0, 0, 1, 0, 0, 0, 1, -6.202977, -0.07997465, 9.749156)

[node name="Person2" parent="People" instance=ExtResource("2_0wfyh")]
transform = Transform3D(1, 0, 0, 0, 1, 0, 0, 0, 1, -15.806224, -0.07997465, -14.288605)

[node name="Player" parent="." instance=ExtResource("1_o5qli")]
transform = Transform3D(1, 0, 0, 0, 1, 0, 0, 0, 1, 0, 1.2562381, 0)

[node name="Trees" type="Node3D" parent="."]

[node name="Tree2" parent="Trees" instance=ExtResource("4_jyhfs")]
transform = Transform3D(1, 0, 0, 0, 1, 0, 0, 0, 1, -1.2526255, 1.625006, 22.451021)

[node name="Tree3" parent="Trees" instance=ExtResource("4_jyhfs")]
transform = Transform3D(1, 0, 0, 0, 1, 0, 0, 0, 1, 22.613998, 1.5891261, 22.456896)

[node name="Tree4" parent="Trees" instance=ExtResource("4_jyhfs")]
transform = Transform3D(1, 0, 0, 0, 1, 0, 0, 0, 1, 23.079597, 1.6108708, -2.206089)

[node name="Tree5" parent="Trees" instance=ExtResource("4_jyhfs")]
transform = Transform3D(1, 0, 0, 0, 1, 0, 0, 0, 1, 21.831331, 1.5673804, -21.52565)

[node name="Tree6" parent="Trees" instance=ExtResource("4_jyhfs")]
transform = Transform3D(1, 0, 0, 0, 1, 0, 0, 0, 1, 1.6154099, 1.6130638, -22.05763)

[node name="MeshInstance3D" type="MeshInstance3D" parent="."]
transform = Transform3D(1, 0, 0, 0, 0.8696156, -0.49372938, 0, 0.49372938, 0.8696156, -2.4561539, 11.564413, -46.99035)
mesh = SubResource("BoxMesh_tefeu")

[node name="MeshInstance3D2" type="MeshInstance3D" parent="."]
transform = Transform3D(1, 0, 0, 0, 0.8694949, 0.49394187, 0, -0.49394187, 0.8694949, -2.4561539, 11.564413, 47.047623)
mesh = SubResource("BoxMesh_tefeu")

[node name="MeshInstance3D3" type="MeshInstance3D" parent="."]
transform = Transform3D(-4.371139e-08, -0.4939419, 0.8694949, 0, 0.86949503, 0.49394196, -1.0000001, 2.1590887e-08, -3.800683e-08, 47.37237, 11.564413, -2.4120293)
mesh = SubResource("BoxMesh_tefeu")

[node name="MeshInstance3D4" type="MeshInstance3D" parent="."]
transform = Transform3D(-4.3711395e-08, 0.49394187, -0.8694949, 0, 0.86949503, 0.49394196, 1.0000001, 2.1590884e-08, -3.800683e-08, -47.254272, 11.564413, -2.4120293)
mesh = SubResource("BoxMesh_tefeu")

[node name="CPUParticles3D" type="CPUParticles3D" parent="."]
transform = Transform3D(1, 0, 0, 0, 1, 0, 0, 0, 1, 0, 12.652784, 0)
mesh = SubResource("QuadMesh_tipki")
